[
	[
		
		
		3452.071439375288,
		2785.039315782318,
		3401.4005328128114,
		2870.3229438364506,
		3390.5755032758902,
		2969.054431209809,
		3416.992304849764,
		3064.9591411630972,
		3473.454957646285,
		3147.005614060994,
		3551.0129713852475,
		3209.48242694661,
		3645.8551868655877,
		3238.300187057208,
		3852.107421875,
		3155.158203125,
		3957.3080174719216,
		2678.1522627045633,
		3990.4117198025288,
		2612.6442626470507,
		3906.1932125351886,
		2558.7260152029194,
		3821.334732041307,
		2505.8385036492,
		3741.216573273763,
		2446.421934640035,
		3725.0983427416704,
		2524.1635980352203,
		3737.6409187316895,
		2623.329303741455,
		3766.6855927173983,
		2718.823744161202,
		3824.778636659801,
		2765.1627018478466,
		3908.731156696502,
		2710.842522810897,
		3904.500186920166,
		1904.0987510681152,
		4094.3879918530583,
		1301.853577874601
	],
	[
		3189.9937745062634,
		3806.996704042889,
		3115.5019621674055,
		3741.8529650899327,
		3083.232476653371,
		3648.2221818577673,
		3088.897626177899,
		3548.896121299971,
		3134.4849757085794,
		3460.9982911289844,
		3215.710655607278,
		3404.1215377904555,
		3313.8473369728363,
		3391.497968634807,
		3408.5508866135806,
		3421.45980617843,
		3480.2269242672373,
		3489.6228608063093,
		3513.7224392334174,
		3583.0390737951384,
		3505.249667133565,
		3681.8629673325786,
		3454.670146660197,
		3767.260140108354,
		3370.359397456423,
		3818.4878734049944,
		3271.20817889128,
		3828.9773083595574,
		3364.6891964844835,
		3783.6461705555307,
		3440.351136580808,
		3720.0660291393287,
		3476.4694811177837,
		3627.924935400234,
		3458.7659394225975,
		3530.906445312563,
		3392.7391051634913,
		3457.4957625336247,
		3297.913818354875,
		3430.009593571548,
		3202.32433582247,
		3454.87198398933,
		3134.2819785305446,
		3526.4389865297335,
		3112.636584072472,
		3622.835520149263,
		3144.5730597037764,
		3716.224821977521,
		3218.830759392352,
		3781.792055186349,
		3315.9790000915527,
		3797.413230895996
	],
	[
		1794.9925843318929,
		3802.996154704131,
		1717.320560447828,
		3741.1432170388143,
		1674.8999414644034,
		3651.6517352897226,
		1675.3189845741736,
		3552.3486925642565,
		1716.2101324681917,
		3461.993971966931,
		1793.0721220436799,
		3399.5006160448265,
		1890.0688266302946,
		3379.3900779823753,
		1986.2873276071332,
		3403.8502250394376,
		2064.5814238035528,
		3463.7863606389437,
		2103.089074141557,
		3555.3678175448567,
		2101.586088118951,
		3654.589543297823,
		2057.7090789768263,
		3743.4841703956045,
		1978.4249529653262,
		3802.852561986332,
		1880.4701863079335,
		3819.816596710876,
		1991.1219635757298,
		3756.3882905386417,
		2051.627125209119,
		3678.39399482147,
		2066.546390500851,
		3580.512643911876,
		2030.6837417544882,
		3488.459466700396,
		1950.8847074768273,
		3430.8241050046636,
		1852.0593660057784,
		3422.3647213607037,
		1763.1571619441609,
		3464.509545500931,
		1712.353454076685,
		3549.2258704882115,
		1710.6707437926855,
		3648.0838626429354,
		1760.2603964078633,
		3733.4381823608483,
		1847.0080662736436,
		3780.8069983856985,
		1945.7882215626032,
		3778.525560067208
	],
	[
		2542.9972546025756,
		3413.992676004775,
		2616.9700048961095,
		3371.365927535546,
		2660.0787659734488,
		3425.311661094427,
		2560.654677751125,
		3426.5073199276812
	],
	[
		2498.994735763175,
		3132.997207680717,
		2407.9090312309563,
		3092.0532231405377,
		2309.748074911181,
		3088.323105190093,
		2222.3053239642177,
		3136.298935345141,
		2190.763415373047,
		3117.936437921715,
		2266.924123808116,
		3053.91182906818,
		2363.61769002497,
		3034.468738996744,
		2460.137976232101,
		3059.011669119587,
		2549.1806076577195,
		3104.310856168944,
		2634.8374587536673,
		3126.093773795961,
		2721.861690099864,
		3076.8523142433023,
		2814.8780740171974,
		3040.78259206897,
		2913.917107944373,
		3037.9999028793554,
		2999.1985710576864,
		3088.3538722422873,
		3038.8798663020134,
		3172.054887192324,
		2959.6375044212346,
		3111.234813992553,
		2865.3051873106397,
		3082.977219642704,
		2769.4786419638112,
		3109.3996880917985,
		2679.5826977588004,
		3153.1482032767963,
		2585.2978307008743,
		3172.9569584727287
	],
	[
		2320.0000023244356,
		2019.994865894856,
		2346.558330297299,
		1923.6799483469495,
		2373.519715079204,
		1827.4033791481281,
		2394.1944768542717,
		1729.5711660142908,
		2410.556666785793,
		1630.9230354761094,
		2423.2885306645007,
		1531.7583905229171,
		2432.4547957178593,
		1432.1692511401054,
		2437.6233172345983,
		1332.3181369667836,
		2438.9845438539537,
		1232.3364960430013,
		2435.2605913797674,
		1132.4131468885967,
		2427.205935869466,
		1032.7379588843069,
		2416.9418443349114,
		933.2759263627268,
		2405.737568881363,
		833.8976310972309,
		2396.2768634408712,
		734.3988074053723,
		2414.092560336925,
		640.5794060910121,
		2325.7591916136444,
		614.551519359462,
		2235.663501107774,
		607.5724132776668,
		2174.1233370942336,
		569.0873686090526,
		2094.5973755270243,
		550.6851655691862,
		2016.001958847046,
		578.4341425895691,
		1958.8450763151923,
		594.3107975252497,
		1912.4426242506306,
		681.76389343341,
		1843.8000039356061,
		754.3510306975986,
		1781.8588497851074,
		832.8542152986447,
		1723.3892644177945,
		913.9481218637047,
		1670.0320328831845,
		998.5056610349136,
		1622.926826969528,
		1086.6843452602777,
		1580.8343502730131,
		1177.4000042155385,
		1543.4517307008744,
		1270.13348787624,
		1511.196244173386,
		1364.770430420337,
		1485.6540828966822,
		1461.4214616792026,
		1467.5324240262853,
		1559.7582961996522,
		1439.1346778250759,
		1550.4866947274263,
		1448.394643139141,
		1450.9910273264463,
		1467.7632869165122,
		1352.9197299731009,
		1495.968518908279,
		1256.9987905655164,
		1530.7289387853505,
		1163.2548796661877,
		1571.6128337926748,
		1072.0186246004123,
		1618.2317099586323,
		983.564286112212,
		1670.197941117042,
		898.1423440430533,
		1727.1400569709265,
		815.9591347465865,
		1788.7099803330907,
		737.1793862610261,
		1854.5611376453987,
		661.9312304181169,
		1909.3422982732154,
		579.7384856937715,
		1960.1638125348836,
		505.7010500935139,
		2050.2842993499544,
		505.3201770633459,
		2130.9485785691068,
		530.160944362171,
		2219.9021065523993,
		515.160914572989,
		2291.61495670749,
		566.1885524366517,
		2372.667954436736,
		594.0038468796993,
		2457.188269971055,
		631.019844509894,
		2448.1027759095396,
		729.528886373555,
		2457.411854606621,
		829.0220843721627,
		2470.7738027923333,
		928.1205149293091,
		2478.9094666480123,
		1027.7665902474491,
		2483.6691198105004,
		1127.6577855067599,
		2485.850980525838,
		1227.6220297713787,
		2485.6499047688612,
		1327.6202389539833,
		2482.824621955709,
		1427.5843105843564,
		2476.433871711769,
		1527.3776956828895,
		2463.2561908252933,
		1626.4607106011197,
		2443.684534001013,
		1724.519051251411,
		2419.7410402472556,
		1821.603628355668,
		2389.470603105279,
		1916.8685732082747,
		2345.0658244114165,
		2006.234593563262
	],
	[
		2892.997390748467,
		1977.9956969474445,
		2850.4626546671434,
		1887.6310316187123,
		2818.775861510425,
		1792.808974845102,
		2793.2611173217633,
		1696.143300195738,
		2772.238789108693,
		1598.3733087019614,
		2754.9782103164525,
		1499.8797284427842,
		2743.4805002182884,
		1400.6097128474025,
		2739.341542031953,
		1300.694734946541,
		2738.1535907506577,
		1200.6955989090827,
		2739.025463479842,
		1100.7063540101806,
		2741.9302400919123,
		1000.7575870105132,
		2747.5978298888645,
		900.9224084083891,
		2758.297357580305,
		801.5066156379733,
		2752.7697436297312,
		703.86811258737,
		2732.471821051091,
		613.3535287575796,
		2816.281422588858,
		574.7779486753279,
		2888.42518556118,
		526.088033914566,
		2970.8171644802205,
		490.8007576954551,
		3062.0739451227855,
		483.7844503521919,
		3149.1725935969735,
		493.0687852546107,
		3235.3599519311683,
		506.6920034762006,
		3253.9864035240607,
		601.5574807393132,
		3311.884852910298,
		683.059773084824,
		3371.0373747577987,
		763.6902136369451,
		3428.50955027957,
		845.5319867087087,
		3482.847693661405,
		929.4649336420462,
		3532.7041396381596,
		1016.1393175446717,
		3578.4141444833126,
		1105.0798589794701,
		3620.055594409436,
		1195.9761682431947,
		3656.7579060978496,
		1288.9828519018502,
		3687.171327092157,
		1384.2231564252477,
		3709.096396408044,
		1481.7451106905937,
		3719.157239107575,
		1581.1830568527803,
		3707.2818870544434,
		1662.566204071045,
		3682.5631980895996,
		1565.7574272155762,
		3660.6488954998786,
		1468.2150544712786,
		3632.766225603991,
		1372.1945908258203,
		3598.8234022752144,
		1278.1444452174114,
		3559.1828627082728,
		1186.3572687975086,
		3514.5012672088196,
		1096.8991451408656,
		3465.5890733412625,
		1009.6974932088374,
		3413.2195026693935,
		924.5093689514366,
		3358.0999985313856,
		841.082207495875,
		3300.780206849396,
		759.1388865451472,
		3242.963081150292,
		677.5592730309563,
		3193.622206092332,
		590.960781334361,
		3159.011857116595,
		536.1449641762301,
		3073.874931335449,
		531.7351188659668,
		2990.65185546875,
		536.898193359375,
		2917.9991727090965,
		587.8705140662787,
		2852.984622357704,
		600.0395379080219,
		2774.176730468869,
		640,
		2808.1040319912427,
		723.7606067872694,
		2805.163903236389,
		823.6306748390198,
		2800.738941282256,
		923.5164892457851,
		2797.0911749640945,
		1023.4631690034876,
		2794.1615197716587,
		1123.4192507757,
		2792.0243649184044,
		1223.3890682848669,
		2792.2575264362385,
		1323.3895720994333,
		2798.8163715429837,
		1423.1342832226073,
		2811.480468919566,
		1522.3324629503895,
		2827.878603479352,
		1620.96526386621,
		2847.9579877539627,
		1718.924854079877,
		2871.9573107562073,
		1815.9970442586514,
		2900.952612624038,
		1911.684049909818,
		2934.7103974475012,
		2005.7762562299704
	]
]
